53 45
5 45
4 45
4 45
4 45
4 45
4 45
4 45
4 45
4 45
4 45
4 45
4 45
4 45
4 45
4 45
4 45
4 45
4 45
4 45
4 45
4 45
4 45
4 45
4 45
4 45
4 45
4 45
4 45
4 45
4 45
4 45
4 45
4 45
4 45
4 45
4 45
4 45
4 45
4 45
4 45
4 45
4 45
4 45
4 44
4 45
4 45
4 45
4 45
4 45
4 45
4 45
4 45
4 45
4 45
4 45
4 45
4 45
3 44
3 42
2 41
1 39
0 36
0 33
0 32
0 31
0 32
0 33
0 35
1 37
3 39
5 43
7 45
10 47
14 51
18 56
22 62
23 65
25 69
26 72
26 74
27 75
26 74
25 72
24 67
21 61
19 53
16 45
14 39
13 37
13 37
13 37
13 37
13 37
13 37
13 37
13 37
13 37
13 37
13 37
13 37
13 37
13 37
13 37
13 37
13 37
13 37
13 37
13 36
12 35
12 33
11 30
10 28
9 25
9 23
8 21
7 19
7 14
6 11
6 11
6 11
6 11
6 11
6 11
6 11
6 11
6 11
6 11
6 12
7 14
8 14
7 13
6 11
6 10
5 10
5 10
6 11
7 12
8 14
10 16
9 15
8 13
6 10
6 9
5 8
5 8
4 7
4 7
5 7
5 8
8 10
8 11
8 11
8 11
8 11
8 11
8 11
7 11
7 11
8 11
7 11
7 11
8 11
8 11
8 11
8 11
8 11
7 11
8 11
7 11
8 11
8 11
7 11
7 11
7 11
8 11
8 11
8 11
8 11
8 11
8 11
7 11
8 11
8 11
8 11
8 11
7 11
8 11
8 11
8 11
8 11
7 11
8 11
8 11
8 11
8 11
8 11
8 11
8 11
7 11
8 11
8 11
7 11
8 11
7 11
8 11
7 11
8 11
8 11
8 11
8 11
8 11
8 11
8 11
8 11
8 11
8 11
8 11
8 11
7 11
8 11
7 11
8 11
8 11
7 11
7 11
7 11
8 11
8 11
8 11
7 11
8 12
11 14
15 18
20 23
23 26
26 29
28 32
31 35
33 37
35 41
38 48
39 52
40 55
41 59
42 63
45 71
47 80
49 84
50 87
51 90
51 94
51 97
51 98
51 100
51 102
51 104
50 106
50 109
50 111
50 112
49 113
50 112
49 107
49 107
49 108
49 109
48 112
46 114
46 116
44 118
42 121
41 123
39 125
37 127
36 128
36 128
36 129
36 129
36 128
36 129
37 128
38 128
38 127
38 126
38 127
38 126
38 127
38 127
38 127
38 127
38 127
38 127
38 126
38 127
38 126
38 127
38 127
38 126
38 127
38 127
38 126
38 127
38 126
38 127
38 127
38 127
38 127
38 127
38 127
38 126
38 126
38 127
38 127
38 126
38 126
38 127
38 127
38 127
38 126
38 127
38 126
38 127
38 127
38 126
39 124
40 123
41 121
45 116
49 110
52 107
55 104
58 101
62 98
66 95
71 92
75 90
81 87
85 85
93 81
100 76
103 73
105 70
110 63
114 56
116 52
117 48
118 45
118 42
119 38
119 35
119 31
119 27
119 24
119 23
119 23
119 24
120 25
120 27
121 29
121 31
123 33
124 35
125 37
127 39
128 41
130 43
133 45
135 47
137 49
140 50
144 53
149 56
155 57
157 57
157 57
157 57
157 57
157 57
157 57
157 57
157 57
157 57
157 57
157 57
157 57
157 57
157 57
157 57
157 57
157 57
157 57
157 57
157 57
157 57
157 57
157 57
157 57
157 57
157 57
157 57
157 57
157 57
157 57
157 57
157 57
157 57
157 57
157 57
157 57
157 57
157 57
157 57
157 57
157 57
157 57
157 57
157 57
157 57
157 57
157 57
157 57
157 57
157 57
157 57
157 57
157 57
156 57
155 57
153 57
151 56
148 55
146 54
143 52
141 51
134 48
125 45
115 42
105 38
99 37
94 34
88 32
83 30
76 28
64 23
52 19
41 15
32 9
25 5
19 0
14 -2
14 -2
14 -2
14 -2
14 -2
14 -2
14 -2
14 -2
14 -2
14 -2
14 -2
14 -2
14 -2
14 -2
14 -2
14 -2
14 -2
14 -2
14 -2
14 -2
14 -2
14 -2
14 -2
14 -2
14 -2
14 -2
14 -2
14 -2
14 -2
14 -2
14 -2
14 -2
14 -2
14 -2
13 -2
12 -2
11 -2
9 -2
9 -3
11 -2
15 -1
20 2
22 4
25 6
27 9
29 11
32 14
36 21
38 25
40 28
41 32
41 36
42 40
42 44
43 49
42 53
42 57
41 61
40 65
40 70
39 74
38 79
38 84
37 88
36 93
36 98
34 103
34 108
33 113
33 118
33 123
33 132
35 142
35 146
36 151
38 159
39 165
39 167
40 166
40 165
39 164
39 162
38 158
37 155
37 151
35 146
35 141
33 131
31 125
30 119
29 113
28 106
28 100
26 93
25 87
24 81
24 75
24 70
26 65
28 60
28 55
29 51
29 42
29 38
28 34
27 29
24 22
23 19
22 18
22 18
22 18
22 18
22 18
22 18
22 18
22 18
22 17
22 18
22 17
22 16
20 14
19 12
19 11
19 12
19 11
18 11
18 10
18 10
18 10
18 10
18 10
18 10
18 10
18 10
18 10
18 10
18 10
18 10
18 10
18 10
18 10
18 10
18 10
18 10
18 10
18 10
18 10
18 10
18 10
18 10
18 10
18 10
18 10
18 10
18 10
18 10
18 10
18 10
18 10
18 10
18 10
18 10
18 10
18 10
18 10
18 10
18 10
18 10
18 10
18 10
18 10
18 10
18 10
18 10
18 10
18 10
18 10
18 10
18 10
18 10
18 10
18 10
18 10
18 10
18 10
18 10
18 10
18 10
18 10
18 10
18 10
18 10
18 10
18 10
18 10
18 10
18 10
18 10
18 10
18 10
18 10
18 10
18 10
18 10
18 10
18 10
18 10
18 10
18 10
18 10
18 10
18 10
18 10
18 10
18 10
18 10
18 10
18 10
18 10
18 10
18 11
19 12
20 13
21 14
22 16
23 19
25 21
28 27
31 34
34 42
37 50
41 60
43 65
45 70
48 74
50 79
51 84
53 87
54 89
54 89
54 90
54 89
52 87
52 85
50 83
49 80
49 79
49 80
49 80
50 82
49 83
49 88
47 94
45 100
43 106
41 114
39 118
37 121
35 124
33 127
31 129
30 131
29 133
29 132
31 131
32 129
33 127
34 125
34 125
34 127
34 127
34 128
33 129
33 130
33 133
33 134
33 136
33 137
33 139
33 140
34 143
34 145
35 147
35 149
35 152
36 154
36 156
37 160
37 162
39 165
40 167
41 170
42 173
44 175
45 179
46 183
48 187
49 191
51 194
53 199
55 202
59 208
64 213
69 217
73 220
76 221
81 224
84 225
87 226
89 226
90 227
92 227
93 227
95 228
97 228
100 228
102 228
105 228
108 228
111 227
113 227
115 226
116 226
115 226
115 226
114 226
113 226
112 226
110 226
109 227
110 226
111 225
112 225
113 225
114 224
115 224
116 223
118 221
119 220
121 219
122 218
124 216
125 215
127 214
128 212
130 209
132 207
133 206
135 203
136 201
139 198
140 196
142 194
144 191
145 189
147 186
150 181
154 173
158 166
160 162
162 159
163 157
164 154
165 151
166 149
166 146
166 143
167 140
166 135
166 133
165 130
165 128
164 126
164 122
163 120
162 112
160 104
159 98
158 96
156 94
154 89
150 85
149 83
147 81
145 79
144 77
142 75
140 74
135 70
131 68
126 66
124 65
122 62
117 59
116 56
114 55
112 53
110 50
108 47
107 45
105 41
104 40
105 40
105 41
107 43
108 45
111 52
117 60
117 62
115 59
115 55
115 53
115 50
114 47
117 41
117 38
118 34
118 31
119 27
120 23
120 19
121 14
122 10
123 6
123 3
123 2
123 3
123 5
122 8
122 12
121 15
120 20
119 24
116 29
113 34
110 37
108 39
108 39
109 38
112 37
113 37
114 36
116 34
120 32
122 30
124 29
128 27
132 25
135 25
140 23
143 23
147 22
152 21
156 21
161 20
165 19
170 18
174 17
178 16
179 16
179 16
177 17
175 17
172 18
168 19
164 19
160 19
155 19
150 19
146 18
144 17
145 18
145 18
146 18
148 19
149 20
152 21
153 22
156 24
158 26
161 28
164 31
166 34
169 36
173 39
176 42
180 45
183 48
186 53
188 56
190 60
191 63
193 67
193 71
194 74
195 79
195 87
194 96
192 105
191 114
189 123
188 128
188 133
187 138
187 143
186 147
185 151
185 155
184 159
184 163
183 167
182 176
181 185
181 195
181 201
182 207
184 214
184 217
185 221
185 226
186 230
187 234
188 239
189 244
189 248
189 251
188 256
208 220
183 274
207 228
183 275
207 225
185 261
185 260
185 260
184 260
183 259
184 256
184 254
184 253
183 251
183 250
182 248
181 246
180 244
178 242
177 240
175 237
173 235
171 232
166 227
163 223
160 219
156 216
153 212
149 207
146 203
142 198
138 194
135 189
131 185
127 180
123 175
119 170
115 165
111 161
106 156
102 151
